ECG_Raw
-3970
-2410
-3400
-3038
-2968
-2158
-3060
-3244
-3264
-3417
-3495
-3519
-3443
-3245
-2924
-2589
-2730
-2605
-1972
-1736
-1835
-2147
-2593
-2815
-2974
-2917
-3086
-3441
-3356
-2814
-2444
-2686
-2834
-2870
-3321
-3783
-4196
-4653
-4697
-4561
-3839
-3490
-3297
-3104
-2951
-3032
-3542
-3287
-1202
-1931
-2075
-3149
-3476
-4130
-4750
-5358
-5723
-5547
-5313
-4817
-4474
-4009
-3001
-2808
-2866
-3113
-3303
-3693
-4450
-4497
-4546
-5378
-5758
-5811
-5609
-5682
-5781
-5770
-5694
-5556
-5253
-5261
-5300
-4085
-3875
-3640
-3261
-2972
-2691
-2367
-2402
-2741
-2696
-2449
-2317
-2555
-2685
-2346
-2309
-2462
-2381
-2093
-2006
-2342
-2169
-1726
-1458
-1749
-1889
-1477
-1472
-1739
-2023
-1839
-1652
-1397
-1575
-2066
-1887
-1688
-1367
-1265
-1233
-990
-657
-381
-552
-736
-719
-416
-419
-281
-120
49
420
609
734
627
544
662
1439
1676
1641
1380
1420
1476
1213
1007
859
869
433
19
-66
-89
-154
-284
-313
-200
-160
-259
-179
-108
-573
-805
-726
-359
-480
-700
-863
-790
-619
-425
-782
-1249
-1178
-915
-1030
-1764
-1644
-2016
-2161
-2065
-1893
-2010
-1579
-2057
-1445
-1253
-1415
-1710
-1407
-1058
-1276
-1640
-1788
-1509
-1525
-1755
-1989
-1677
-1299
-1340
-1591
-1613
-1192
-1251
-1494
-1430
-1112
-967
-1322
-1361
-1176
-1055
-1347
-1627
-1459
-1242
-1274
-1425
-1786
-1320
-1579
-1397
-1177
-1152
-1374
-1652
-1722
-1512
-1213
-1114
-1307
-1634
-1851
-1870
-1760
-1621
-1517
-1534
-1699
-1885
-1848
-1520
-1201
-1300
-1852
-2384
-2362
-1808
-1310
-1344
-1748
-1950
-1652
-1158
-996
-1341
-1843
-2067
-1949
-1777
-1783
-1927
-1600
-2033
-1733
-1388
-1293
-1434
-1474
-1156
-630
-310
-358
-496
-354
93
502
592
451
356
361
232
-220
-874
-1466
-1935
-2443
-3038
-3518
-3667
-3536
-3365
-3211
-2877
-2250
-1628
-1419
-1589
-1656
-1287
-738
-572
-967
-1479
-1590
-1301
-964
-851
-910
-820
-701
-560
-408
-287
-239
-244
-236
-225
-299
-480
-662
-719
-683
-746
-998
-1244
-1206
-860
-522
-517
-841
-1172
-1229
-1048
-1147
-1433
-1331
-1414
-1537
-1584
-1509
-1410
-1381
-1422
-1447
-1416
-1353
-949
-1240
-1011
-945
-1149
-1451
-1538
-1337
-1062
-959
-1058
-1194
-1235
-1184
-1143
-1196
-1381
-1612
-1729
-1635
-1402
-1246
-1287
-1407
-1445
-1402
-1404
-1491
-1534
-1431
-1314
-1407
-1655
-1750
-1540
-1236
-1183
-1412
-1639
-1674
-2587
-2277
-2763
-2684
-2410
-2196
-2202
-2379
-2551
-2590
-2504
-2396
-2349
-2355
-2300
-2118
-1896
-1777
-1807
-1880
-1879
-1850
-1944
-2191
-2432
-2502
-2434
-2413
-2513
-2596
-2527
-2358
-2264
-2296
-2322
-2230
-2098
-2085
-2192
-2165
-2156
-2266
-2295
-2547
-2321
-2776
-2631
-2296
-2052
-2060
-2231
-2392
-2439
-2409
-2366
-2340
-2345
-2396
-2465
-2474
-2372
-2176
-2038
-2086
-2274
-2401
-2303
-2078
-1988
-2190
-2561
-2783
-2671
-2397
-2286
-2461
-2700
-2699
-2363
-1567
-1534
-1477
-1285
-1087
-1000
-1027
-1107
-1216
-1348
-1468
-1087
-876
-884
-1030
-1056
-843
-589
-573
-813
-1051
-1058
-938
-948
-1117
-1206
-1029
-747
-714
-1024
-1340
-1280
-911
-669
-844
-1249
-1444
-1280
-1020
-979
-1657
-1409
-1815
-1796
-1590
-1442
-1567
-1901
-2319
-1915
-1716
-2001
-2142
-1975
-1729
-1710
-1951
-2195
-2228
-2117
-2087
-2220
-2394
-2492
-2510
-2533
-2576
-2586
-2532
-2467
-2432
-2365
-2217
-2039
-1910
-1813
-1611
-1241
-813
-508
-396
-234
-9
176
121
-301
-1014
-1760
-2283
-2568
-2879
-3434
-4074
-4393
-4184
-3007
-1898
-2025
-1902
-1676
-1593
-1704
-1869
-1901
-1737
-1525
-1473
-1611
-1731
-1647
-1450
-1419
-1606
-1757
-1608
-1266
-1126
-1332
-1563
-1471
-1146
-1357
-1743
-1776
-1473
-1271
-1452
-1789
-1884
-1644
-1359
-1313
-1463
-1542
-1415
-1213
-1161
-1327
-1538
-1557
-1402
-1056
-1434
-1468
-1292
-1105
-1081
-1177
-1235
-1185
-1097
-1064
-1116
-1231
-1382
-1494
-1500
-1411
-1312
-1258
-1194
-1044
-872
-804
-874
-957
-935
-853
-839
-907
-919
-813
-709
-740
-845
-832
-663
-547
-707
-1074
-1299
-1129
-700
-391
-469
-820
-1115
-1111
-1657
-1131
-990
-1176
-1052
-818
-747
-995
-1384
-1607
-1534
-1329
-1274
-1467
-1811
-1621
-1348
-1253
-1408
-1623
-1673
-1554
-1470
-1588
-1831
-1983
-1948
-1863
-1908
-2077
-2216
-2210
-2095
-1983
-1903
-1846
-1815
-1842
-1917
-1973
-1993
-1971
-1936
-1905
-1904
-1931
-2177
-2241
-2174
-2059
-1920
-1832
-1879
-2005
-2025
-1844
-1626
-1636
-1907
-2174
-2191
-2035
-2008
-2213
-2424
-2370
-2086
-1875
-1923
-2088
-2098
-1923
-1794
-1896
-2124
-2183
-1957
-1697
-1706
-1985
-2214
-2116
-1781
-1561
-1649
-1878
-1949
-1771
-1560
-1526
-1620
-1830
-1921
-1595
-1992
-1784
-1633
-1747
-1963
-1988
-1777
-1585
-1618
-1788
-1878
-1829
-1762
-1763
-1753
-1656
-1551
-1605
-1831
-2038
-2018
-1766
-1467
-1345
-1436
-1577
-1539
-1227
-830
-665
-891
-1335
-1642
-1648
-1491
-1393
-1413
-1427
-1357
-1513
-1741
-1902
-1706
-1484
-1418
-1558
-1782
-1933
-1969
-1975
-2030
-2093
-2064
-1930
-1812
-1818
-1887
-1867
-1723
-1618
-1730
-2041
-2316
-2335
-2133
-1946
-1947
-2082
-2166
-2096
-1960
-1943
-2106
-2304
-2371
-2313
-2727
-2651
-2245
-1781
-1521
-1474
-1398
-1134
-769
84
-101
-339
-690
-1124
-1638
-2284
-3045
-3710
-4016
-3937
-3733
-3667
-3673
-3457
-2892
-2224
-1798
-1678
-1639
-1514
-1403
-1492
-1741
-1878
-1730
-1443
-1302
-1412
-1578
-1504
-669
-870
-1138
-1216
-1102
-995
-1046
-1209
-1326
-1315
-1217
-1087
-925
-741
-659
-386
-454
-681
-800
-636
-318
-210
-514
-991
-1158
-847
-380
-226
-493
-845
-958
-834
-704
-740
-866
-923
-864
-753
-670
-626
-560
-411
-229
-348
-712
-1016
-1060
-908
-830
-978
-1211
-1252
-1001
-674
-534
-632
-796
-837
-708
-495
-344
-462
-944
-1070
-842
-536
-520
-808
-1025
-860
-448
-205
-325
-589
-670
-496
-316
-392
-705
-967
-940
-694
-494
-527
-692
-544
-555
-746
-948
-1013
-975
-957
-1032
-1108
-1098
-1023
-940
-895
-906
-957
-1029
-1085
-1098
-1104
-1170
-1283
-1331
-1265
-1186
-1256
-1346
-1383
-1330
-1246
-1251
-1402
-1578
-1570
-1322
-1035
-937
-1048
-1165
-1138
-1045
-1042
-1191
-1404
-1569
-1619
-1534
-1354
-1213
-1250
-1415
-1466
-1262
-960
-892
-1149
-1480
-1554
-1343
-1071
-961
-986
-1009
-990
-1028
-1156
-1274
-1262
-1135
-1085
-857
-988
-1135
-968
-711
-658
-848
-1057
-1096
-1015
-956
-813
-716
-726
-807
-864
-874
-902
-1015
-1136
-1176
-1146
-1138
-1184
-1191
-1031
-734
-485
-439
-563
-709
-784
-812
-836
-883
-953
-1053
-1163
-1198
-1094
-890
-724
-691
-785
-913
-867
-822
-659
-548
-511
-564
-627
-677
-731
-787
-801
-737
-666
-688
-801
-876
-824
-751
-840
-1081
-1223
-1065
-731
-549
-702
-1017
-1144
-978
-744
-721
-932
-1111
-1047
-808
-659
-757
-964
-1019
-839
-622
-623
-852
-1039
-986
-790
-711
-857
-1076
-1312
-1507
-1234
-1065
-916
-706
-369
77
521
853
1072
1266
1517
1748
1739
1345
654
-32
-532
-960
-1561
-2376
-3135
-3526
-3503
-3295
-3109
-2931
-2634
-2191
-1694
-1268
-985
-852
-870
-1005
-1163
-1258
-1250
-1179
-1089
-1003
-942
-912
-652
-209
-184
-352
-376
-273
-231
-365
-603
-754
-728
-619
-584
-689
-815
-789
-581
-363
-355
-590
-861
-955
-858
-757
-780
-890
-935
-165
-11
-10
-159
-369
-504
-459
-282
-154
-170
-198
-67
164
237
14
-761
-121
-283
-70
53
-143
-460
-529
-303
-112
-231
-494
-467
-42
397
425
84
-194
-93
237
373
163
-129
-186
-3
141
56
-152
-261
-192
-89
-110
-269
-424
-470
-405
-308
-273
-344
-457
-510
-424
-274
-225
-775
-809
-703
-832
-1001
-1085
-1032
-898
-778
-766
-897
-1092
-1200
-1136
-955
-836
-870
-976
-1025
-1028
-1062
-1102
-1023
-824
-715
-897
-1231
-1357
-1134
-831
-801
-1065
-1301
-1251
-997
-814
-811
-891
-919
-873
-781
-694
-776
-653
-616
-696
-702
-698
-696
-676
-633
-614
-655
-693
-631
-503
-440
-491
-548
-500
-429
-474
-583
-550
-340
-182
-291
-541
-607
-397
-192
-291
-628
-906
-969
-925
-935
-990
-988
-916
-874
-880
-828
-704
-613
-602
-511
-452
-534
-403
-525
-416
-239
-172
-320
-587
-760
-725
-560
-436
-443
-546
-664
-731
-742
-721
-706
-753
-887
-1027
-1063
-1014
-968
-1013
-1101
-1103
-994
-908
-1020
-1301
-1559
-1607
-1441
-1223
-1145
-1231
-1331
-1261
-1013
-792
-820
-1105
-1433
-1579
-1536
-1486
-1362
-1356
-1338
-1409
-1484
-1473
-1391
-1328
-1365
-1459
-1504
-1458
-1357
-1312
-1407
-1610
-1775
-1784
-1608
-1309
-999
-734
-499
-241
68
403
698
883
909
768
50
-387
-764
-1127
-1649
-2379
-3135
-3611
-3682
-3529
-3383
-3247
-2969
-2561
-2208
-2025
-1863
-1596
-989
-1075
-1278
-1113
-1106
-1396
-1708
-1699
-1396
-1158
-1226
-1481
-1630
-1544
-1317
-1123
-1089
-1242
-1493
-1696
-1735
-1616
-1474
-1551
-1623
-1624
-1556
-1423
-1217
-988
-875
-962
-1138
-1195
-1063
-890
-887
-1087
-1313
-1377
-1248
-1036
-874
-813
-908
-1137
-1196
-961
-671
-535
-672
-930
-998
-729
-315
-139
-347
-694
-813
-613
-344
-289
-459
-604
-549
-356
-223
-219
-256
-228
-127
-45
-41
-81
-74
-5
31
-38
-187
-287
-249
-130
-74
-148
-255
-274
-196
-126
-158
-270
-352
-332
2
-247
-127
-148
-331
-451
-411
-291
-259
-378
-534
-608
-617
-699
-938
-1307
-1205
-1075
-1111
-1250
-1256
-1019
-703
-590
-757
-987
-1020
-833
-629
-571
-622
-648
-630
-645
-678
-634
-489
-383
-460
-639
-679
-464
-185
-119
-321
-342
-691
-123
17
-223
-562
-573
-185
198
149
-266
-567
-452
58
-85
-244
-123
208
413
327
118
69
257
479
482
259
83
206
580
870
803
474
253
392
738
908
736
448
349
461
552
427
190
110
250
428
438
342
391
-162
-296
-294
-431
-542
-539
-445
-337
-263
-184
-168
-149
-76
35
100
57
-64
-147
-111
-6
83
122
134
127
108
70
22
-33
-98
-144
-117
-15
68
21
-131
-263
-305
-340
-508
-857
-936
-470
-520
-728
-866
-822
-681
-595
-656
-827
-980
-995
-851
-674
-648
-793
-1032
-1001
-984
-991
-943
-828
-763
-873
-1110
-1317
-1394
-1356
-1323
-1417
-1650
-1889
-1893
-1527
-953
-519
-394
-372
-145
304
719
921
1011
1122
1177
981
-1129
-2934
-3015
-2816
-2577
-2321
-1990
-1625
-1396
-1184
-834
-690
-935
-1310
-1427
-1243
-1052
-1068
-1192
-1109
-1027
-1020
-970
-813
-677
-706
-839
-876
-779
-695
-764
-911
-956
-837
-669
-594
-616
-648
-677
-677
-622
-504
269
-167
-201
91
367
304
-42
-357
-427
-346
259
28
239
-27
-545
-322
3
120
-14
-132
-8
400
286
96
200
373
456
467
484
517
534
586
632
421
301
704
725
523
256
359
415
132
-4
11
197
153
20
-2
127
143
-332
-474
-419
-448
-693
-831
-232
-239
-445
-519
-620
-698
-680
-759
-1018
-855
-546
-874
-965
-1120
-1128
-713
-567
-631
-857
-733
-517
-410
-469
-410
-110
-179
-403
-469
-295
-236
-550
-652
-634
-479
-397
-352
-559
-639
-547
-313
-447
-634
-652
-601
-667
-841
-751
-578
-437
-324
-308
-342
-259
-198
-262
-618
-628
-477
-286
-391
-556
-679
-618
-544
-646
-824
-949
-733
-545
-471
-489
-449
-448
-648
-599
-419
-372
-554
-590
-173
-151
-328
-324
-346
-157
-263
-554
-469
-363
-564
-582
-422
-465
-720
-729
-152
-285
-727
-856
-444
-232
-884
-1245
-1307
-704
-472
-527
-790
-968
-838
-505
-431
-802
-1099
-921
-730
-697
-881
-802
-722
-517
-504
-171
283
831
903
976
1151
1205
1222
839
304
-333
-1208
-1422
-1685
-2467
-2657
-2527
-1703
-1334
-1070
-643
-468
-350
-256
-310
-391
-282
-77
58
-70
-153
-173
-326
-184
-377
-134
300
126
-73
282
547
586
402
427
483
541
592
598
475
578
997
1248
940
996
974
683
62
178
449
627
671
876
1117
908
754
822
1066
962
805
825
979
1054
756
650
720
1091
1211
1264
1349
1450
1558
1404
1199
1114
1190
991
653
474
739
979
957
797
678
769
860
792
235
144
281
199
261
220
-80
-324
-19
288
95
-161
-202
166
171
-40
-368
-232
-14
-195
-495
-552
88
168
-48
-57
258
348
-192
-175
58
-63
-284
-234
76
-95
-258
-31
-113
-200
42
234
101
-39
-224
-232
-439
-565
-549
-289
-253
-201
172
201
-25
-431
-367
-306
-479
-516
-467
-319
-142
62
-111
-359
-367
-55
-282
-633
-330
63
105
-351
-505
-17
-281
-155
104
89
-647
-790
-631
-230
-210
-191
78
218
-249
-98
241
-384
-446
-285
-147
-313
-516
-699
-536
-249
-191
-536
-497
-965
-564
-134
-14
-726
-700
-184
300
-226
-704
-238
94
-4
-538
-381
-64
202
242
373
840
1115
1381
1599
1596
1729
2230
2071
1526
378
26
-417
-1802
-2284
-2437
-605
-244
51
-2
-381
-569
-579
109
344
208
-187
-13
165
-34
-56
22
-385
-627
-493
92
-15
-235
-10
270
352
-106
-295
-260
56
-57
-305
-241
34
151
-180
-269
56
49
40
-34
-195
-389
-125
240
205
-59
-59
391
191
-219
-228
130
268
-74
21
332
460
205
94
435
362
19
-289
-7
217
-19
-58
158
420
157
-151
-105
338
535
439
-78
-284
-286
4
-67
-282
-518
-449
-361
-417
-611
-883
-1132
-1046
-973
-1059
-1100
-1196
-1799
-1969
-1792
-1354
-1690
-2133
-1751
-1157
-880
-1267
-1406
-1409
-1388
-1360
-1373
-1199
-1046
-954
-1052
-1023
-721
-504
-600
-613
-510
-314
-328
-429
-663
-558
-310
-173
-317
-321
-183
-383
-319
-189
-198
-223
-68
2
-298
-295
-95
28
-170
-289
-430
-493
-221
-164
37
37
-84
-449
-447
-317
-406
-583
-540
-25
-86
-313
-96
164
114
-283
-130
73
-136
-239
-127
61
-48
-99
115
161
136
202
6
50
5
-59
-157
-163
-139
-126
-154
-124
56
52
-10
-23
57
154
132
-79
8
195
315
280
191
221
389
573
638
562
454
417
418
367
264
212
286
416
450
361
322
503
1367
2008
2129
2609
2662
2194
1675
779
315
-215
-1405
-1826
-1954
-1447
-1096
-774
-230
5
290
929
1024
917
931
1211
1403
1119
961
969
1060
968
869
988
1165
1300
1174
1021
942
1641
1188
1092
1191
1068
750
568
978
1214
1295
1315
1312
1241
1106
1102
1033
735
789
1028
1377
1358
1320
1245
1123
1032
1232
1314
1183
757
837
1046
963
735
647
1145
1058
1208
1288
1084
993
1047
1213
1067
801
447
469
560
825
957
998
734
618
629
655
490
255
143
273
292
89
-138
-255
-268
-350
-454
-340
-231
-324
-346
-914
-455
-702
-699
-487
-372
-634
-786
-465
-519
-822
-982
-701
-527
-738
-720
-551
-417
-448
-393
-225
-298
-437
-501
-444
-444
-636
-650
-512
-281
-415
-613
-546
-436
-507
-763
-113
-123
-226
235
340
87
-519
-479
-403
-638
-636
-422
-162
-294
-394
-224
-224
-431
-912
-867
-652
-360
-414
-505
-480
-379
-290
-331
-457
-550
-429
-388
-458
-544
-484
-270
-426
-423
-612
-355
-159
-323
-381
-267
-11
-90
-237
-280
-198
-207
-634
-790
-778
-774
-931
-990
-418
-220
-380
-915
-793
-541
-812
-1240
-1458
-924
-619
-566
-545
-674
-903
-1226
-891
-570
-652
-1353
-1220
-822
-674
-917
-988
-424
-131
85
573
899
1201
1523
1566
1599
1430
999
352
-882
-1336
-1811
-2846
-3105
-3072
-2561
-2295
-2027
-1447
-1212
-822
-507
-246
-272
-423
-426
-216
-140
-485
-382
-42
-112
-581
-762
-83
-67
-67
-159
-260
-199
-331
-263
-199
-217
-234
-110
-17
-330
-521
-420
-308
313
-221
-91
295
205
65
-12
-2
55
330
370
283
199
244
218
-32
-30
80
176
104
98
437
571
585
585
606
516
226
326
512
291
8
-81
-70
-219
-176
-140
-285
-552
-479
-461
-772
-760
-584
-580
-759
-810
-646
-732
-869
-685
-516
-532
-611
-419
-318
-887
-984
-651
-264
-696
-1024
-274
19
-183
-742
-664
-634
-954
-576
-948
-1096
-471
-338
-558
-653
-270
13
-255
-376
-285
-119
-176
-188
-221
-433
-625
-416
-325
-507
-875
-628
-292
-349
-523
-528
-563
-749
-795
-282
-207
-383
-376
-31
-372
-398
-433
-444
-469
-557
-495
-369
-450
-681
-775
-350
-221
-299
-408
-264
-146
-251
-355
-423
-446
-428
-407
-284
-97
82
-236
-549
-541
224
196
-228
-469
-73
119
-456
-370
-694
-840
-332
-317
-608
-548
-117
36
-718
-869
-672
-566
-851
-976
-336
-112
-168
-95
243
371
-414
-624
-409
-12
-229
-448
-335
-233
-172
-81
24
60
30
61
246
516
1537
1946
860
82
-530
-1681
-2375
-2808
-2479
-2290
-2271
-1467
-666
-199
-572
-585
-252
-18
-329
-510
-115
58
72
26
88
187
384
337
187
190
392
454
-22
-160
-92
156
778
522
120
195
312
180
69
304
430
344
598
964
937
651
548
795
859
855
656
505
524
1182
1319
1156
1018
1319
1550
1112
834
788
948
898
860
1186
1400
1984
1915
1848
1686
1606
1944
1799
1587
1717
1806
1433
1232
1209
1394
1369
1242
1007
1043
1199
1447
1356
1176
1108
1305
1460
1034
639
493
937
899
496
53
391
691
391
188
300
258
430
465
306
85
273
435
158
-29
-90
-138
-152
-85
8
-93
-160
77
196
217
135
127
155
235
186
104
153
132
-27
-106
146
283
-299
-434
264
422
-196
77
168
-94
-124
-52
-59
-126
-146
-207
-259
-230
-123
-151
-141
38
-52
-268
-377
-241
-187
-325
-324
-259
-155
-88
-51
-260
-323
-189
-80
-345
-601
-378
-92
-185
-197
301
410
242
-148
-52
70
-82
-173
-180
-327
-493
-569
-458
-431
-379
-46
-16
-144
-164
-76
-214
-669
-431
-25
18
-195
-166
67
228
171
-187
-413
-198
-353
-601
-437
-300
-402
-339
-145
20
123
309
670
1385
1562
1761
2164
2071
1802
1204
809
273
-815
-1311
-1883
-2719
-2592
-2242
-1997
-1919
-1514
-424
-363
-531
-265
-368
32
-499
-647
-254
-62
-15
-102
33
369
201
-183
-447
-159
31
-341
-410
-195
117
-60
-255
-215
-153
-171
-241
-158
-8
178
38
-205
-383
-254
-172
-411
-517
89
-170
179
-149
-231
-4
36
-301
-185
71
83
24
238
805
629
290
191
349
400
181
110
171
505
506
297
-6
148
274
-260
-535
-475
149
227
90
-159
-681
-598
-718
-777
-708
-667
-576
-494
-491
-635
-643
-684
-1037
-1156
-1162
-1240
-1302
-1210
-753
-689
-666
-304
-230
-450
-1103
-1126
-1001
-965
-990
-901
-538
-412
-349
-438
-529
-874
-639
-936
-633
-354
-520
-442
-124
-20
-232
-244
-74
-331
-627
-435
-222
-139
-8
-15
-180
-302
-147
-148
-628
-551
-194
156
20
-103
-155
-204
-212
-118
-133
-173
-387
-631
-281
-179
-72
56
-37
-155
-131
-72
-331
-606
-341
-30
8
-381
-282
8
30
-151
-107
315
134
-243
-167
230
334
-348
-428
-186
44
-120
-157
99
22
-83
-216
194
-633
-437
-86
-404
-689
-471
-254
-36
-775
-460
-87
-14
-592
-648
-421
-73
-189
-321
-275
-153
41
545
638
652
1189
1635
1510
-525
-1865
-2412
-2583
-2207
-2120
-2035
-1150
-660
-467
-438
-260
-211
-169
-231
27
-14
-189
-126
272
596
124
-281
-296
356
282
-123
-465
-146
205
191
22
-29
110
-39
-261
-308
354
718
804
404
411
630
655
265
-94
-121
18
88
127
187
278
349
311
309
576
649
548
369
558
777
686
529
470
468
476
413
804
276
492
465
362
259
370
550
763
715
627
480
399
297
122
23
-83
-71
50
91
-203
-323
-315
-313
-416
-475
-376
-436
-640
-926
-882
-858
-576
-557
-667
-664
-821
-1037
-1172
-1007
-993
-1096
-961
-750
-747
-1056
-874
-626
-1049
-1311
-1121
-494
-747
-1033
-418
-106
-295
-991
-883
-707
-1073
-1265
-1187
-856
-917
-1012
-706
-467
-848
-1389
-1170
-904
-744
-641
-652
-724
-739
-697
-765
-1013
-893
-700
-691
-680
-476
-177
-340
-488
-314
-256
-316
-451
-568
-744
-727
-577
-617
-826
-553
-257
-733
-1017
-843
-454
-191
-163
-37
-181
-295
-393
-730
-788
-686
-504
-629
-794
-915
-930
-927
-799
-757
-787
-840
-766
-685
-805
-951
-1020
-648
-372
-302
-757
-770
-544
-511
-874
-1139
-957
-866
-667
-544
-1268
-1432
-1109
-372
-417
-461
130
505
765
1083
1150
1193
1413
1369
997
-190
-583
-878
-1990
-3059
-2659
-2380
-2185
-1344
-769
-489
-611
-411
-81
-514
-1036
-1120
-329
-95
-259
-299
-281
-92
190
384
232
89
30
16
-21
-28
20
137
507
584
560
527
524
424
201
256
381
548
601
630
569
653
542
398
399
634
591
685
892
722
634
663
791
836
905
1027
983
915
900
857
732
490
522
598
620
565
522
483
444
393
249
195
224
529
564
430
248
374
438
-10
-162
-82
20
-523
-501
-746
-828
-350
-76
-932
-1096
-713
-401
-871
-1147
-585
-445
-542
-479
-409
-518
-752
-674
-652
-909
-879
-706
-445
-478
-569
-668
-589
-658
-606
-451
-502
-397
-472
-611
-412
-284
-821
-863
-401
372
26
-354
59
228
-81
-737
-490
-250
-789
-957
-651
-74
-401
-721
-189
13
-229
-714
-494
-335
-610
-535
-453
-717
-332
-318
-526
-475
-219
-142
-426
-450
-402
-346
-366
-385
-306
-56
24
-643
-864
-603
-509
-754
-655
-475
-625
-767
-688
-999
-1048
-990
-989
-1049
-794
-452
-593
-925
-1004
-620
-661
-879
-1060
-1036
-1042
-920
-818
-820
-967
-969
-986
-1006
-749
-396
-223
-212
88
1122
1355
1408
1520
1514
1380
727
124
-2451
-2391
-1712
-1423
-1195
-972
-856
-690
-582
-661
-651
-279
-203
-273
-315
-229
-234
-598
-642
-482
-229
-350
-491
-360
-226
-182
-270
-357
-449
-357
-196
-155
-535
-635
-563
-760
-306
-385
-341
26
76
-21
-131
-93
-62
69
110
-48
-525
-347
17
53
-147
-65
378
181
-111
147
351
228
-59
246
592
432
195
130
195
196
234
284
230
105
86
363
718
573
292
-11
35
7
-362
-328
-109
-115
-324
-266
250
36
-384
-300
18
26
-492
-510
-433
-568
-569
-425
-348
-484
-503
-158
-147
-345
-766
-399
-149
-312
-582
-460
-289
-478
-694
-674
-138
-163
-416
-565
-374
-305
-572
-577
-460
-295
-262
-233
-330
-383
-315
-107
-196
-337
-296
-220
-226
-46
134
112
-352
-238
-645
-242
20
182
50
-102
185
322
-352
-523
-347
-158
-407
-584
-268
-78
-30
42
163
227
-9
-159
-233
-314
-370
-372
-178
-97
-60
85
114
25
-288
-282
-157
240
480
18
-13
17
-23
-108
-123
-118
-242
-295
76
62
-216
-395
-131
-33
-417
-325
-17
-425
-459
-91
-310
-731
-775
-394
-154
-317
-319
-165
-81
-223
-267
-61
-156
-84
-417
74
213
331
679
1000
1409
1985
1962
1541
-172
-1809
-2628
-2757
-2563
-1788
-1451
-1107
-446
-343
-398
-377
-293
-345
-655
-558
-311
-238
-410
-477
-136
283
198
232
392
258
-8
-113
125
245
-214
-337
-133
333
125
-153
91
365
360
21
129
300
203
197
366
341
55
-39
469
493
272
194
455
631
271
213
488
599
657
566
518
459
252
74
540
827
719
211
493
917
707
357
331
694
556
304
114
64
-50
-26
102
121
66
246
445
179
-123
-273
-433
-361
-269
-350
-748
-734
-600
-581
-607
-524
-457
-612
-701
-511
-546
-701
-650
-502
-490
-466
-275
-228
-831
-861
-509
-165
-477
-641
-136
-63
-295
-597
-501
-492
-625
-749
-712
-103
-320
-320
-444
-497
-325
-204
-84
-11
-65
-258
-467
-396
-222
-162
-372
-427
-411
-219
-96
-71
-221
-477
-604
-460
-187
-83
-299
-660
-685
-315
-21
-190
-350
-275
28
307
275
-81
-250
-272
-165
16
-174
-415
-435
-120
-194
-354
-370
-297
-239
-144
-209
-356
-196
164
416
255
169
258
392
215
4
-101
-108
-202
-225
-16
117
-205
-267
-88
26
-287
-486
-661
-393
-396
-499
-353
-131
-93
-475
-428
-202
-197
-424
-514
-383
-183
-124
-255
-487
-436
-392
-528
-533
-433
-130
77
378
991
1246
1523
1803
1574
1246
972
718
116
-2341
-1875
-1431
-1094
-12
191
57
-160
-67
-99
-439
-347
-111
-25
-59
15
-87
-359
-481
-206
-286
-494
-200
182
294
-105
-104
77
194
38
-90
51
160
148
130
301
406
34
613
833
611
8
171
427
205
-69
-135
304
422
349
106
152
238
291
282
297
282
261
372
880
902
671
530
899
1200
236
264
756
587
277
189
515
241
287
653
672
600
518
542
541
261
-16
-228
-76
-25
-237
-656
-430
-128
-429
-779
-869
-608
-710
-947
-1084
-953
-806
-597
-574
-349
-573
-606
-778
-623
-568
-877
-777
-589
-652
-707
-706
-743
-771
-488
-275
-237
-528
-484
-239
24
-163
-402
-622
-604
-503
-209
-285
-536
-652
-342
-95
-451
-741
-807
-894
-554
-810
-953
-495
-243
-259
-547
-381
-91
-159
-490
-662
-425
-409
-561
-649
-522
-485
-680
-686
-652
-669
-591
-454
-561
-741
-706
-283
-366
-643
-704
-372
-77
-266
-550
-202
-172
-146
-219
-286
-359
-348
-340
-347
-358
-405
-644
-665
-589
-752
-946
-923
-368
-320
-429
-317
-203
-300
-725
-744
-689
-712
-774
-834
-824
-711
-622
-746
-780
-682
-292
-1002
-892
-763
-775
-556
-61
846
979
1091
1610
1679
1500
1130
997
637
-715
-1310
-1795
-2963
-2897
-2442
-2185
-1763
-617
-359
-389
-534
-534
-619
-918
-867
-657
-393
-466
212
-146
-149
-504
-408
-164
-75
-195
-184
-146
-173
-217
-254
-227
-143
-144
-541
-598
-367
40
-174
-436
231
307
-153
-179
34
232
24
-186
-107
-45
-119
-35
62
592
305
-464
-164
376
298
-130
-253
237
281
176
160
206
245
551
691
624
212
156
180
177
189
217
198
271
395
165
-126
-188
-110
-546
-321
88
-216
-1088
-564
-772
-541
-332
-320
-520
-545
-589
-765
-730
-639
-681
-749
-722
-599
-676
-811
-844
-727
-617
-477
-430
-439
-621
-668
-658
-768
-919
-984
-707
-483
-320
-497
-498
-306
15
-365
-1042
-809
-518
-871
-1029
-799
-299
-390
-366
28
-248
-745
-669
-339
-443
-1089
-768
-204
-237
-669
-846
-523
-480
-534
-369
-223
-186
-217
-120
-933
-920
-584
-451
-379
-339
-321
-485
-480
-487
-526
-581
-619
-543
-417
-437
-570
-570
-220
-241
-450
-393
14
333
41
-226
-248
-1
-106
-331
-473
-451
-549
-830
-490
-516
-525
-239
-272
-401
-411
-453
-625
-604
-357
-42
-85
-88
89
72
-5
-89
-252
-523
-763
-643
-495
-46
373
758
1207
1627
2145
2255
1849
-401
-2308
-2161
-2109
-1470
-838
-442
-610
-506
-177
-151
-396
-347
310
274
-5
-112
150
317
15
-186
-152
27
177
-85
260
71
722
400
199
368
396
17
-32
29
73
147
341
384
84
-157
109
254
173
-11
233
529
547
364
253
252
256
225
123
127
254
798
933
853
403
301
697
430
188
57
173
156
-42
-176
-201
73
62
-119
-281
-210
-274
-530
-383
-227
-655
-751
-454
-69
-422
-675
-93
29
-270
-766
-594
-410
-390
-299
-186
-679
-863
-777
-690
-674
-551
-236
-240
-249
-56
-83
-299
-637
-529
-460
-506
-549
-415
-250
-147
-85
1
22
-362
-428
-215
12
-357
-697
-295
-49
-195
-413
-462
-427
-467
-464
-621
-843
-845
-622
-497
-615
-558
-322
-52
-283
-566
-593
-587
-830
-1229
-399
-326
-421
-209
362
168
-219
-756
-936
-1064
-809
-680
-811
-1002
-576
-654
-365
-791
-650
-420
-598
-806
-580
-369
-382
-737
-748
-666
-776
-954
-1043
-795
-688
-732
-855
-764
-712
-1007
-1061
-915
-981
-1177
-1021
-921
-976
-1322
-1384
-1302
-693
-762
-1112
-1058
-1188
-1382
-1359
-789
-711
-726
-91
366
566
721
1064
1356
1069
851
732
-259
-1173
-1873
-2404
-2758
-3159
-2972
-2550
-2250
-1621
-1198
-1043
-1096
-646
-712
-1072
-675
-714
-689
-597
-832
-893
-747
-636
-864
-1030
-721
-598
-662
-718
-597
-594
-1014
-1053
-855
-523
-681
-928
-864
-550
-361
-724
-916
-891
-649
-651
-680
-635
-670
-748
-852
-171
-447
-524
-525
-407
-289
-384
-859
-671
-268
-247
-467
-385
27
-94
-157
193
-91
-682
-642
-81
28
-847
-737
-92
-466
-595
-599
-581
-611
-1044
-671
-1006
-1008
-700
-795
-1031
-1145
-977
-1026
-979
-901
-847
-928
-1085
-1364
-1313
-1232
-1302
-1237
-986
-825
-1083
-1205
-715
-783
-1226
-1518
-1111
-857
-1267
-1315
-1085
-886
-1008
-1463
-931
-1163
-1196
-904
-806
-917
-1230
-1108
-901
-1034
-1297
-1437
-1342
-1290
-1264
-1181
-1068
-893
-656
-713
-806
-714
-742
-992
-1318
-1035
-730
-1061
-1328
-1261
-738
-794
-1025
-979
-1285
-1420
-1104
-718
-1005
-1380
-1388
-1137
-1005
-1317
-1541
-1596
-1112
-861
-1179
-1194
-1114
-1111
-1185
-1253
-1388
-1405
-1315
-1054
-1108
-1257
-1188
-918
-756
-1228
-1469
-1410
-1200
-1489
-1130
-1196
-1249
-1463
-1549
-1232
-1169
-1279
-1376
-1264
-1218
-1296
-1204
-1078
-1085
-1047
-911
-836
-926
-962
-1176
-1449
-1581
-1172
-1117
-1289
-1315
-950
-564
-55
191
493
1140
1341
1349
-1060
-2610
-3539
-3662
-2691
-2185
-1949
-1478
-967
-539
-657
-943
-1094
-958
-842
-794
-966
-998
-830
-841
-1021
-1030
-932
-1156
-1218
-1042
-777
-835
-1223
-1351
-1163
-1005
-888
-905
-987
-976
-634
-598
-682
-683
-638
-690
-585
-320
-224
-800
-854
-560
-254
-534
-739
-402
-272
-337
-381
-262
-232
-425
-339
-145
-350
-414
44
122
-318
-426
-323
-210
-426
-675
-644
-359
-118
-290
-555
-652
-386
-424
-624
-688
-589
-656
-870
-674
-491
-898
-1040
-887
-749
-963
-1087
-1042
-1195
-1344
-1040
-877
-892
-1313
-941
-634
-984
-1149
-563
-569
-920
-903
-383
-144
-827
-915
-651
-662
-1093
-1283
-827
-769
-816
-307
-19
-45
-246
-85
-4
-453
-560
-515
-746
-893
-741
-116
-53
-193
-440
-710
-446
-174
-517
-787
-778
-353
-305
-392
-585
-557
-413
-156
-244
-416
-471
-414
-461
-644
-594
-499
-415
-315
-135
10
-124
-266
-193
-54
-11
-322
-430
-670
-234
-358
-199
242
91
86
-273
-101
84
-197
-392
-354
-7
-12
-69
10
-7
-157
-389
-266
-128
-420
-627
-561
29
-58
-380
-453
-264
-249
-226
402
-211
-654
165
610
509
-29
245
675
834
816
1092
2136
2398
2415
2237
1972
1433
-60
-671
-1239
-2692
-2428
-1440
-1205
-977
-118
112
86
227
408
299
-376
-262
-32
203
232
162
65
394
582
503
249
411
535
194
139
330
476
290
221
661
820
778
488
487
591
513
198
-45
282
458
368
521
743
494
442
511
682
401
1158
1022
271
359
607
549
413
468
901
941
818
485
563
849
1041
700
441
871
967
644
184
562
919
530
358
585
1048
815
533
607
729
731
664
609
116
44
3
-533
-655
-679
-586
-562
-851
-976
-973
-913
-980
-1053
-924
-812
-784
-941
-999
-990
-856
-828
-839
-803
-694
-637
-833
-915
-866
-704
-758
-819
-859
-1061
-1019
-883
-803
-811
-701
-522
-744
-993
-763
-550
-568
-676
-471
-311
-479
-438
-242
-319
-646
-840
-626
-510
-506
-564
-507
-371
-81
-128
-326
-646
-588
-491
-643
-780
-503
-452
-649
-630
-645
-812
-794
-744
-778
-693
-495
-336
-420
-434
-422
-640
-890
-815
-687
-765
-1049
-837
-484
-391
-654
-788
-401
-257
-315
-546
-530
-483
-373
-350
-474
-501
-573
-295
-444
-748
-748
-781
-975
-922
-773
-635
-712
-798
-759
-611
-469
-722
-628
-73
-60
-250
-426
-394
-479
-817
-783
-610
-304
-133
201
1189
1514
1639
1896
2068
46
-2490
-2394
-2281
-2303
-1859
-1356
-957
-443
-104
164
-43
-243
-267
-157
-206
-285
-432
-488
-439
-43
60
101
197
272
325
277
127
-10
202
427
366
298
345
491
-6
536
509
86
41
60
77
91
0
-358
-195
282
934
846
814
1494
1809
1848
1462
1370
1447
1871
1908
1603
1607
1624
1730
1644
1633
1675
1469
1224
1426
1492
896
670
807
1297
1086
729
778
1051
1053
372
300
513
634
334
92
151
114
-116
-245
58
299
-98
-320
-232
90
-175
-542
-433
-163
-105
-228
-397
-436
-363
-245
-300
-324
-180
-260
-517
-825
-696
-568
-755
-804
-683
-480
-539
-500
-137
-154
-278
18
232
140
-314
-210
-117
-702
-867
-628
-129
-346
-567
13
367
-272
-633
-341
-236
-231
-177
-212
-378
-511
-296
-75
-123
-197
-150
-82
-282
-529
-606
-510
-512
-531
-290
-11
-180
-417
-397
-96
-334
-728
-887
-691
-559
-484
-434
-373
-273
-190
-504
-276
46
-200
-339
139
155
-124
-153
109
102
-283
21
473
288
-89
-162
102
-40
-199
-26
-39
-250
-381
-193
-106
-394
-434
-311
-71
-110
-218
-331
-307
-475
-316
45
92
-15
-332
-400
-433
-503
-456
-316
110
453
974
1868
1841
1700
2081
2184
1730
-497
-810
-1855
-2488
-2932
-2943
-2483
-1869
-1205
-1174
-1001
-241
-150
-349
-213
-12
30
-31
-179
-114
-20
-2
53
171
156
33
30
266
281
248
431
607
753
812
650
384
137
214
243
-84
-19
392
543
535
220
187
245
161
115
472
626
1209
1025
-114
25
532
498
89
75
778
674
358
522
688
455
-77
353
921
732
322
294
993
1004
733
374
436
501
416
335
271
191
213
278
-182
22
7
-227
-106
97
-46
-462
-818
-663
-388
-342
-813
-807
-531
-295
-556
-772
-606
-546
-665
-854
-749
-635
-611
-579
-503
-425
-448
-484
-517
-547
-625
-884
-900
-779
-520
-442
-280
-383
-360
-98
-277
-635
-689
-24
-73
-481
-744
-415
-229
-535
-487
-247
-287
-542
-626
-438
-556
-779
-767
-554
-407
-402
-426
-415
-288
-264
-332
-494
-396
-391
-99
-300
-252
-338
-374
-479
-621
-591
-663
-598
-258
4
-255
-298
-92
-125
-559
-839
-438
-263
-297
-286
-134
-34
-46
-50
-91
-305
-318
-203
-340
-226
-319
-316
-192
-198
-247
-279
-313
-409
-471
-387
-374
-642
-616
-365
-45
-219
-391
-241
-231
-434
-659
-651
-421
-261
-600
-601
-267
142
-179
-513
-172
201
369
410
649
2166
777
-128
-658
-1275
-2414
-2538
-2276
-1571
-1465
-1328
-416
-32
12
-178
-50
58
-158
-169
12
211
143
229
233
153
-26
-48
6
208
238
211
245
305
269
-19
179
-14
83
375
316
229
325
386
423
612
633
501
288
346
398
470
594
620
158
105
295
193
-168
-223
764
1051
961
639
886
724
1139
1223
1062
868
826
717
360
220
174
292
241
39
-180
56
297
-51
-340
-328
163
88
-178
-227
104
368
-16
-383
-483
-162
-332
-722
-745
-369
-466
-724
-576
-475
-382
-248
-335
-461
-334
-214
-303
-752
-665
-391
-165
-340
-458
-121
74
42
-390
-412
-249
-77
-208
-339
-266
-207
-213
-194
-135
-125
-268
-277
-217
-122
153
-357
-510
128
330
193
63
386
633
304
63
-47
-124
-176
-247
-407
-378
-256
-162
-228
-237
-134
-180
-196
18
5
-125
-158
-101
-177
-328
-150
24
-121
-206
-320
208
335
341
323
406
433
322
-187
-234
-47
149
-103
-301
258
497
274
-212
84
-345
-607
-461
-54
-307
-565
-165
143
216
96
-23
-34
49
119
-5
-197
-242
-458
-190
-92
-406
-619
-752
-670
-488
-394
-789
-884
-688
-385
-530
-491
710
1277
1501
1671
1933
2231
2262
1748
972
-204
-445
-859
-2437
-2858
-2729
-1984
-1798
-1599
-869
-549
-519
-577
-303
-196
-111
-146
-312
-430
-119
31
-41
-259
-118
56
113
63
5
7
212
330
247
-94
35
179
241
428
563
608
445
391
245
362
335
128
278
512
546
347
477
692
743
701
756
836
807
839
1012
993
951
947
856
714
850
1033
1038
752
816
1000
1026
843
647
489
604
739
439
167
418
235
311
336
225
-122
-56
-61
-33
18
-317
-541
-521
-159
-312
-612
-437
-68
48
-366
-366
-236
-414
-596
-580
-400
-488
-510
-83
-29
-221
-499
-347
-200
54
-45
-224
-209
-113
-142
-144
94
132
43
109
264
219
-87
178
530
78
-311
-230
351
103
-322
-393
-174
-3
211
157
-18
53
320
359
-196
-147
190
444
268
-46
62
164
149
154
432
551
493
271
360
449
-59
-295
-213
39
-237
-555
-33
29
-8
125
220
100
93
116
-116
-204
-75
343
372
309
172
159
226
172
161
652
544
-252
-137
204
-239
-721
-708
99
47
-199
-27
161
84
-268
-160
1
-149
-385
-528
-439
-341
-274
-265
-245
134
379
414
-308
-615
-602
-343
-529
539
1590
1958
2155
2357
1959
1326
807
279
-265
-1072
-2122
-2205
-2261
-2126
-1678
-1144
-508
-302
-117
-195
-366
-467
-532
-573
-498
-21
92
50
3
155
56
62
149
347
-53
137
256
230
212
206
54
14
81
313
282
180
134
242
295
54
-25
29
158
147
167
279
245
191
185
151
90
226
334
328
272
503
762
567
317
610
608
760
250
231
173
304
460
203
28
99
543
540
370
106
200
353
304
96
-46
-38
-82
-200
-831
-428
-856
-848
-457
-449
-589
-869
-886
-843
-686
-643
-712
-907
-750
-473
-339
-464
-456
-398
-580
-664
-258
-393
-824
-598
49
255
-398
-145
387
7
-551
-577
-81
-435
25
-197
-220
-191
-258
-203
-65
50
273
372
313
-267
-343
-120
145
-143
-387
80
383
407
172
210
237
78
137
340
465
309
210
311
270
161
-156
194
159
229
114
70
231
474
109
-287
45
360
288
-239
-57
286
463
492
688
841
562
298
466
602
515
49
22
163
306
125
-73
27
137
81
-98
44
226
-302
217
-261
-37
190
-31
-16
317
734
430
132
473
628
367
-455
-257
265
710
577
651
1673
2100
2235
2225
2307
2340
1810
1272
769
153
-222
-763
-1489
-611
-256
-33
496
492
336
204
228
226
302
426
598
605
606
610
508
335
205
291
384
532
600
603
625
744
763
369
407
653
450
60
9
626
532
656
295
454
622
631
742
911
641
466
621
943
597
313
1042
1395
1277
926
1133
1227
396
559
750
535
404
823
1000
921
567
668
878
829
642
612
821
741
0
146
483
137
-211
314
699
662
126
169
241
-181
-326
-246
-225
-422
-466
35
18
-344
-769
-436
-87
-419
-725
-655
58
-48
-498
-866
-534
-286
-684
-741
-516
-409
-869
-681
-491
-713
-788
-632
-273
-347
-451
-164
-3
-97
-664
-646
-438
-393
-560
-605
-341
-274
-290
-415
-465
-480
-585
-736
-769
-236
-57
-136
-181
70
205
-383
-162
-341
-543
-385
-109
62
-297
-588
-593
102
104
-295
-693
-353
-101
-391
-333
-52
-210
-535
-497
64
-210
-653
-361
73
170
-183
-222
-271
-472
-379
-251
-436
-505
31
-61
-90
-163
127
275
229
-37
12
114
-237
-639
-816
-168
17
-244
-850
-597
-223
-308
-601
-720
-550
-445
-365
-340
-371
-387
-442
-532
-641
-831
-833
-728
-493
12
-338
-123
179
698
1010
1285
1369
1469
1787
1808
1065
203
-427
-572
-1153
-2860
-3039
-1798
-772
-85
-172
-400
-551
-390
-301
-297
-206
-111
-85
-6
176
-245
-253
186
394
-42
-219
-123
169
69
-20
180
204
113
130
202
12
32
102
242
334
369
134
56
56
-98
-229
-203
-5
-69
-138
111
166
67
449
893
417
402
708
610
464
614
674
591
549
573
445
120
209
352
257
246
375
711
816
894
705
549
556
657
329
79
239
360
102
-140
-259
-6
31
-350
-652
-690
-656
-390
-573
-803
-489
-284
-400
-781
-641
-426
-240
-214
-277
-632
-558
-283
-333
-706
-865
-385
-286
-334
-282
-316
-486
-402
-96
-10
-625
-673
-385
-742
-146
-89
-304
174
693
845
-76
-369
-275
-116
-457
-725
-141
184
86
-352
-81
269
-73
-406
-378
199
150
-47
-21
65
-1
-117
-4
54
-196
-257
-184
-54
-119
153
58
-329
-202
-2
21
-154
-95
-30
-71
21
209
435
456
502
542
457
356
170
51
-48
-146
-232
-330
-352
-321
-345
-344
-211
-60
38
31
22
-290
-595
-77
100
-303
-506
-439
-4
-33
-205
-358
-321
-281
-273
-294
-349
-313
-238
-68
28
168
727
1087
1363
1562
1708
1896
1654
1151
630
-197
-752
-1432
-2565
-2839
-1744
-336
71
-98
-376
-563
-474
-414
-379
-291
-176
68
185
202
-113
-237
-295
-646
-808
-709
-301
-466
-724
-356
-10
-15
-618
-534
-150
201
-11
-153
190
256
58
-274
170
-228
-170
57
-228
-472
99
293
53
-293
-25
104
-298
-142
274
298
1
-3
540
467
157
-81
104
294
228
46
-31
448
657
588
228
384
669
677
455
173
230
-193
33
105
-107
-210
140
203
29
-452
-523
-553
-623
-599
-585
-770
-730
-490
-246
-482
-717
-732
-758
-869
-858
-770
-734
97
229
-552
-789
-701
-1405
-833
-789
-1200
-968
-658
-569
-508
-335
-576
-918
-971
-538
-652
-924
-776
-490
-375
-493
-501
-504
-587
-621
-688
-884
-928
-929
-766
-587
-495
-958
-1120
-936
-626
-773
-621
-438
-392
-736
-725
-537
-403
-523
-615
-645
-670
-648
-490
-484
-526
-578
-596
-620
-535
-502
-546
-458
-214
-52
-429
-587
-484
-310
-571
-831
-327
-219
-385
-449
-520
-640
-714
-72
-287
-1117
-1059
-776
-873
-1064
-919
-230
-251
-430
-373
-302
-434
-835
-833
-733
-464
-339
-330
-676
-685
-498
-514
-858
-1081
-737
-501
1011
1845
1780
1512
1210
208
-525
-1216
-2020
-2283
-2568
-2299
-1730
-1002
-885
-742
-426
-394
-391
-214
-189
-295
-364
-162
48
-105
-332
-416
-102
-10
-73
-320
-364
-380
-147
136
-61
-136
111
152
72
126
205
145
-20
41
52
-82
104
392
209
-109
-173
-76
-398
-332
-63
28
-155
-57
174
399
421
498
558
462
442
697
644
518
618
288
308
730
684
525
486
477
362
258
409
520
201
95
233
474
207
-61
300
491
288
-220
46
324
-227
-394
132
-41
-309
-353
-278
-317
-634
-393
-449
-524
-392
-352
-447
-704
-717
-737
-797
-715
-621
-808
-874
-726
-386
-561
-811
-553
-247
-248
-740
-574
-179
-156
-526
-659
-204
-204
-416
-479
-484
-562
117
-267
-98
-339
-574
-559
-309
-458
-619
-318
-167
-217
-421
-432
-477
-474
-257
-55
-161
-191
-48
138
-9
-149
-220
-292
-375
-250
-127
-182
-266
-413
-520
-481
-426
-362
-312
-264
-185
-108
-244
-423
-502
-488
-628
-774
-599
-493
-576
-719
-522
-358
-616
-715
-578
-331
-467
-574
-286
-189
-319
-674
-622
-526
-530
-639
-666
-893
-1189
-1068
-910
-788
-612
-227
774
1074
1222
1874
1313
-263
-1638
-2433
-2567
-2586
-2062
-1660
-1398
-1049
-688
-322
-294
-502
-632
-536
-371
-340
-266
-270
-73
-34
-228
-186
-80
-13
-30
-59
-105
-39
54
36
-42
-71
25
70
106
116
74
38
99
130
33
-114
-211
22
182
211
28
37
152
162
258
190
39
113
278
360
594
833
906
354
262
502
714
359
33
296
561
602
221
143
252
602
593
476
372
466
566
507
337
196
403
577
-75
-147
-707
15
-287
-161
-316
-579
-714
-614
-675
-798
-562
-274
-179
-531
-609
-564
-647
-747
-723
-511
-571
-675
-507
-361
-384
-643
-580
-408
-347
-442
-444
-336
-375
-421
-272
-767
-817
-233
-665
-597
-182
-242
-286
-3
-98
-429
-733
-592
-512
-728
-797
-754
-433
-196
-66
-411
-580
-529
-298
-391
-501
-389
-423
-582
-448
-200
-212
-770
-658
-628
-475
-412
-254
-275
-356
-163
-18
-216
-238
-90
155
56
-74
-82
-4
17
-267
-390
-299
214
222
14
-231
-103
55
-1
-213
-429
-500
-398
-377
-792
-1007
-1010
-586
-15
-375
-470
-246
-149
-173
-401
-314
-12
323
37
-268
-358
-772
-1297
-1032
-715
-468
-205
277
1178
1393
1512
1649
1656
1635
1280
825
252
-686
-963
-1295
-2317
-2585
-1250
-737
-653
-543
-507
-508
-435
-387
-348
-180
-43
-478
-674
-467
164
-99
-548
-507
-167
-617
-591
-391
-168
-210
-231
-126
-90
-113
-177
-134
-63
-79
-214
-359
-399
-373
-436
-460
-450
-411
-304
13
4
-152
-319
-209
-143
-465
-581
-468
-4
37
-25
-12
60
69
-87
-142
-128
-105
468
215
-81
78
-197
-338
-382
-668
-960
-1076
-563
-425
-602
-863
-551
-220
-644
-1073
-1121
-436
-445
-759
-881
-558
-408
-882
-990
-854
-676
-849
-876
-889
-629
-577
-462
-309
-400
-490
-456
-692
-1043
-975
-871
-695
-508
-321
-399
-491
-443
-423
-648
-896
-881
-660
-458
-301
-301
-286
-178
-190
-288
-308
-246
-428
-264
-234
-505
-755
-650
-412
-267
-304
-278
-177
-93
-126
-119
-132
-264
-328
51
158
53
13
298
541
328
160
123
137
83
54
181
238
262
122
-78
-542
-300
-190
-225
-231
-146
-110
-115
-217
-192
-50
84
-172
-471
-329
-157
-281
-594
-235
205
9
-214
-100
81
-308
-612
-24
274
271
570
1109
1492
1523
1664
1915
-8
-906
-1587
-2189
-2170
-1483
-1004
-1089
-824
-194
357
30
-229
-122
-122
-214
-232
-155
-79
62
28
-53
226
438
379
-85
68
367
210
260
525
564
636
707
514
523
494
529
506
349
325
421
652
486
168
25
277
399
44
75
397
907
849
776
891
877
727
459
577
792
854
726
756
1180
1116
852
723
838
808
413
631
304
511
807
913
744
647
760
666
466
423
530
442
-9
124
420
259
-141
-320
44
125
58
-5
5
-55
-146
-89
-73
-376
-511
-505
-245
-197
-350
-437
-518
-596
-506
-323
-240
-505
-451
-119
-66
-532
-492
-157
-84
-582
-488
-102
95
-241
-408
145
264
82
-148
-6
75
-180
-267
-244
-160
-169
-186
-514
-22
-235
-297
493
712
472
-178
-49
169
-67
-255
-189
230
207
68
-125
-202
-259
370
421
146
160
243
91
-21
-47
-137
-127
62
393
274
179
412
313
122
168
-722
-615
264
287
119
131
161
-20
-561
-567
-466
-697
-915
-868
-203
-185
-446
-529
-276
-254
-857
-849
-586
-395
-498
-492
-298
-358
-514
-782
-782
-628
1159
1732
1884
1958
1313
786
407
-270
-931
-1709
-2439
-2372
-1923
-532
-296
-419
-429
-419
-547
-569
-479
-257
-215
-118
74
24
28
298
164
-165
112
-33
-15
-3
348
205
-144
-99
192
153
-351
-154
171
5
-64
232
667
346
28
343
549
443
-70
-49
146
306
192
143
635
861
825
517
612
792
595
648
620
605
980
1174
1110
613
841
817
698
755
905
704
548
873
876
573
200
411
587
294
146
125
81
-3
-65
-330
-540
-622
-217
-69
-158
-524
-411
-254
-419
-628
-593
-320
-254
-309
-420
-398
-444
-551
-401
-242
-394
-105
6
-345
-546
-179
-169
-331
7
295
217
-259
2
330
-241
-665
-622
130
75
-225
-220
-403
-430
-154
20
-209
-356
52
220
111
-259
-131
97
59
-45
51
441
370
189
121
136
35
-220
-173
-3
97
134
7
26
53
-410
-658
-590
-52
-76
462
194
89
562
314
-104
-144
458
379
50
-264
-164
-68
-25
-31
-80
-237
-277
-239
-28
-14
-105
-157
-48
-43
-586
-756
-643
-180
-225
-349
-16
339
519
115
-438
-131
-25
218
606
1140
2060
2288
2365
2153
1980
1744
758
66
-535
-1301
-1650
-1971
-2211
-2153
-2044
-1540
-1125
-728
-332
-246
-120
154
153
44
50
268
402
56
-1
-255
-178
472
26
-7
361
452
417
192
85
57
264
264
53
-299
-90
187
-20
-189
4
786
720
436
422
607
566
-12
-102
-6
228
241
244
344
521
234
246
739
716
442
205
403
555
688
903
1106
663
728
880
597
277
373
572
639
459
362
313
356
294
91
-63
245
534
321
146
152
-8
-295
-845
-200
-598
-355
-437
-842
-1008
-385
-311
-612
-842
-515
-350
-868
-967
-828
-658
-657
-536
-558
-615
-461
-585
-765
-612
-595
-820
-796
-363
-824
-525
-220
-301
-410
-463
-662
-606
-380
-113
-357
-684
-667
-394
-268
-467
-405
-196
-129
-294
-329
-34
-115
-378
-414
-145
-35
-384
-173
-356
-562
-447
102
-85
58
-118
-249
44
214
-105
-260
166
156
-68
-100
10
-101
-388
-179
-50
-672
-789
-479
-66
-380
-613
-130
51
-31
-248
-246
-307
-417
-304
-206
-291
-252
-116
-418
-353
-539
-715
-603
-481
-548
-472
307
652
840
1396
1758
1896
1629
1634
1727
1362
873
369
-554
-1066
-1625
-2582
-2702
-2497
-1749
-1495
-1203
-267
35
17
-396
-452
-463
30
34
84
-95
-183
-86
165
-71
-22
173
142
-469
-541
-322
61
-93
-292
-36
306
446
-129
-385
-294
304
219
-94
-80
301
439
-223
-284
24
600
92
332
478
96
-68
11
295
185
-9
5
153
228
234
271
318
541
734
362
402
650
740
517
434
658
625
476
260
192
145
338
434
380
202
281
-50
-278
-558
-351
-252
-553
-794
-511
-350
-427
-816
-774
-619
-559
-683
-745
-467
-349
-365
-471
-455
-439
-615
-747
-460
-334
-441
-834
-553
-22
30
-460
-682
-559
-912
-569
-438
-887
-950
-755
-389
-401
-486
-736
-711
-519
-238
-293
-311
1
33
-96
-247
-178
-201
-703
-834
-717
-454
-550
-628
-366
-258
-301
-374
-313
-289
-268
-174
-121
-119
-92
-76
28
-112
-278
-60
86
10
-251
-182
-107
-202
-151
-27
-55
-204
-284
-202
-156
-173
-444
-472
-235
276
-33
-550
-540
-141
-66
-715
-747
-551
-885
-445
-452
-347
-554
-546
-498
-905
-1063
-849
-153
-274
-505
61
628
895
807
1012
1365
1488
1299
1171
738
141
-590
-1628
-1979
-2371
-2848
-2645
-2234
-1585
-1319
-926
-129
-557
-555
-293
-237
-283
-251
-333
-248
-298
-158
-35
-44
-58
10
-40
-191
-231
-61
-15
-391
-369
-122
88
-102
-190
326
491
363
-107
-22
-302
-94
-57
137
274
317
274
-61
-67
55
-139
-363
-316
273
289
223
385
241
378
368
235
224
491
299
-9
205
382
-433
-66
316
-271
-767
-538
-497
-754
-1029
-858
-723
-793
-836
-815
-658
-685
-896
-1125
-811
-451
-656
-910
-880
-675
-974
-1286
-993
-788
-890
-848
-487
-524
-700
-1228
-1316
-920
-554
-654
-798
-658
-355
-688
-1081
-841
-498
-455
-850
-666
-234
-42
-478
-864
-619
-385
-451
-1023
-1033
-862
-734
-803
-794
-460
-308
-237
-262
-335
-449
-897
69
-311
173
-284
-1038
-684
-288
-516
-635
-458
-150
-237
-295
-242
-332
-429
-330
-343
-486
-558
-378
-257
-384
-424
-372
-303
-367
-473
-653
-615
-507
-459
-589
-57
-424
-470
-735
-850
-769
-786
-723
-535
-689
-739
-495
-186
-643
-1150
-899
-582
-647
-1013
-688
-200
311
565
1042
1884
1889
1768
1688
1441
825
-816
-1347
-1710
-1684
-1170
-553
-462
-568
-609
-593
-432
-383
-379
-228
-118
-153
-587
-477
-351
-392
-370
-86
33
65
-146
-303
-379
-258
-240
-327
-350
-144
84
-83
-380
-518
-87
117
41
-314
41
138
-16
-80
-94
-6
53
10
-328
-305
-57
359
280
146
238
368
381
154
396
579
397
228
360
373
210
-60
11
122
297
376
394
-121
-9
-163
-125
90
-6
-125
33
36
-202
-630
-402
-88
-355
-731
-787
-231
-347
-732
-783
-507
-539
-1120
-985
-673
-899
-1178
-1094
-974
-675
-377
-767
-714
-605
-659
-727
-742
-734
-731
-709
-592
-485
-363
-274
-350
-400
-344
-424
-455
-609
-324
-263
-164
-358
-537
-409
-154
-20
-188
-216
-56
395
310
-7
-407
-260
-71
-90
108
480
445
355
324
278
105
-353
-400
-291
-70
-90
-137
-88
-51
-70
-244
-338
-357
235
13
-356
-504
-537
-563
-579
-375
-244
-232
-416
-415
-313
-136
-132
-176
-243
-235
-236
-463
-643
-711
-141
-20
285
646
1046
1432
1489
1651
2212
2238
1960
1070
729
-1796
-2019
-1230
-987
-581
-288
11
-31
-245
-224
345
308
33
-22
227
290
-47
-9
161
205
106
73
93
111
176
268
196
150
342
228
88
168
237
238
253
278
160
91
338
582
289
59
165
651
433
76
206
471
506
312
439
588
424
367
537
822
574
228
357
651
690
333
428
635
502
371
437
492
289
637
896
736
238
80
245
234
112
28
110
217
299
220
75
-146
-189
-308
-609
-512
-263
-187
-478
-701
-520
-481
-697
-1141
-964
-620
-164
-125
-119
-469
-728
-664
-607
-493
-504
-503
-169
-33
-113
-529
-444
-515
-592
-610
-581
-455
-230
-204
-489
-620
-277
-356
-634
-389
67
200
-122
63
316
-171
-539
-570
-282
-341
85
-114
-338
-270
-394
-420
-296
76
73
-53
-206
-148
-59
139
134
30
123
241
-7
-39
94
128
-25
-49
32
-159
-346
-118
13
-30
73
328
429
143
-318
-171
-254
-263
-229
-325
-552
-401
-184
-325
-568
-661
-398
-313
-357
-561
-523
-368
-22
-12
-77
-274
-377
-443
-452
-479
-34
343
600
954
1336
1703
1670
1632
1154
-856
-2769
-2699
-2051
-1672
-1302
-655
-366
-139
-174
-388
-555
-418
-225
-69
168
291
363
241
169
190
208
83
-19
66
111
120
195
140
-15
459
492
-307
-36
435
222
78
312
156
496
323
361
391
335
336
376
289
154
354
533
185
27
147
470
345
193
385
579
640
388
286
339
730
814
934
689
537
750
791
540
444
980
713
442
696
811
-3
-265
-72
442
193
-156
-62
128
60
-462
-459
-296
-194
-139
168
815
580
81
-200
2
28
326
242
-61
-82
-167
-278
-266
85
93
-53
-302
-328
-335
-175
-110
-184
218
562
98
-246
-196
278
145
-62
146
255
193
133
198
167
-38
-100
-192
-140
175
143
112
-32
-259
-35
202
237
92
137
190
242
322
329
-111
-154
86
300
-9
-260
38
215
218
298
445
442
49
52
196
130
-45
-29
437
438
233
-19
340
10
-119
168
200
-51
-712
-616
-253
138
-88
-306
-40
171
141
-363
-465
-355
-51
-81
-204
-278
-163
-37
18
-56
-154
-174
-124
-133
-294
-179
-39
117
891
1304
1493
1698
1405
2
-205
-239
-1470
-2286
-2546
-1700
-1380
-1291
-983
-552
-69
219
-60
-364
-431
-393
-432
-316
-159
-149
-333
-153
139
72
-219
-334
50
140
31
280
-12
192
177
215
96
30
3
-38
-49
-48
49
237
470
398
176
193
747
646
295
175
405
473
341
461
564
238
104
149
129
-27
-45
419
525
818
322
487
611
863
896
949
1206
1173
971
732
715
331
369
507
198
-42
15
598
556
300
-24
-10
13
24
-22
-120
-244
-177
-129
-286
-404
-465
-212
-221
-396
-556
-680
-508
-301
-355
-490
-420
39
-38
-305
-491
-371
-318
-450
-533
-636
-698
-602
-545
-483
-378
-316
-336
-319
-343
-417
-451
-462
-492
-450
-38
81
-177
-503
-827
-710
-414
-213
-478
-693
-366
-203
-291
-326
-4
213
-147
-174
69
45
-430
-769
-385
-122
-98
-319
-206
412
46
155
-131
-197
-255
95
255
507
170
-221
-30
139
-101
-277
-361
-372
-308
-250
-374
-366
-182
-37
-297
-495
-301
-358
-602
-450
-95
-24
-430
-239
142
125
-159
-254
-167
-278
-395
488
1195
1409
1672
2288
1995
1452
842
517
-172
-1847
-2223
-2269
-1948
-1660
-1324
-762
-501
-242
-66
-197
-346
-418
-358
-282
-318
-395
-352
5
19
-131
-310
-220
-89
246
250
-103
-50
162
199
194
-34
154
525
266
-139
-185
64
130
-165
-130
31
132
136
263
405
194
19
370
457
143
-515
-206
288
375
113
43
357
445
-182
449
958
1320
1148
930
780
502
481
601
616
413
344
898
681
185
249
421
372
141
-34
129
263
233
-68
-52
115
312
230
92
-198
-332
-423
-214
-225
-334
-301
-609
-684
-529
-401
-623
-701
-336
-436
-715
-518
-199
-216
-851
-772
-423
-315
-680
-951
-278
-213
-545
-533
-370
-121
-106
-133
-397
-534
-545
-519
-650
-274
-430
-553
-509
-567
-469
-338
-319
-254
-65
-134
-494
-673
-18
178
-8
-358
-57
314
214
-87
-261
-292
-305
-323
-337
-431
-511
-175
19
-42
-495
-367
-112
69
-334
17
65
-199
-71
103
-231
-373
-203
-28
-436
-746
-66
229
28
-573
-368
-105
-395
-595
-578
-423
-461
-420
-171
-256
-445
-403
-253
-243
-296
-113
74
-53
-175
-1028
-175
256
716
892
753
1047
1489
1600
1425
1443
1329
704
-82
-1021
-1431
-2037
-2784
-2516
-2090
-1682
-1489
-1162
-676
-563
-365
-45
-200
-388
-96
90
-9
-449
-320
-4
-97
80
83
355
469
-8
-303
-305
96
44
-68
302
563
599
311
164
-34
-317
-216
-99
-158
-57
192
180
-81
-132
380
433
292
322
533
640
416
321
246
429
432
365
706
549
510
463
384
222
144
441
568
567
502
594
704
770
632
366
-34
101
287
-45
-287
-197
265
41
-307
-459
-234
-646
-726
-536
-659
-885
-740
-511
-546
-995
-864
-579
-522
-560
-389
-96
-257
-392
-393
-630
-965
-398
-211
-467
-431
-202
63
-122
-381
-429
-238
-192
-626
-663
-506
-295
16
0
-499
-660
-630
-159
-38
-168
-421
-208
34
-172
-371
-372
-112
-67
-66
-92
-121
-105
62
81
-2
-238
-232
-146
-433
-581
-237
-57
-88
-9
169
-17
178
208
-61
-257
-211
-198
-183
13
44
-16
56
217
274
-17
-131
-161
-197
-165
-132
-450
-681
-718
-538
-659
-756
-122
144
-67
-777
-550
-152
-331
-629
-112
-255
-336
266
585
780
1199
1560
1817
1539
1366
1408
1178
533
-160
-876
-1313
-1970
-2537
-2124
-1714
-1733
-1616
-1155
-290
-282
-360
-194
-81
-41
-116
-227
-370
-380
-19
222
-3
34
226
-160
-10
395
150
107
342
348
354
489
383
182
177
269
214
-67
-54
43
278
415
524
495
417
258
482
397
437
579
467
302
502
747
799
434
416
557
578
388
264
464
600
655
638
635
654
679
480
97
180
369
279
49
-46
174
202
124
-437
-359
-329
-366
-360
-256
-121
-129
-348
-548
-374
-231
-351
-876
-746
-448
-581
-826
-770
-256
-342
-565
-532
-432
-489
-637
-522
-382
-407
-388
-260
-266
-91
-159
-158
-375
-508
-459
-178
-278
-397
-29
125
-18
-387
-208
-26
-403
-575
-417
30
-178
-478
-302
-57
-48
-227
-124
-55
-240
-170
215
235
212
429
480
315
-164
-143
-3
-235
-599
-740
-109
50
-155
-438
-147
104
-38
-94
-383
-180
-425
-122
-174
-362
-214
-75
-324
-408
-186
-163
-274
-535
-690
203
802
944
611
1068
1863
2326
1867
1540
1609
1309
656
-338
-592
-1107
-2703
-2320
-1914
-2052
-1868
-405
46
51
-47
116
172
-89
10
217
192
249
298
227
1
-2
-25
-201
-82
161
291
293
541
974
596
82
148
405
302
-230
14
442
413
144
126
544
369
282
378
476
611
475
310
470
686
645
594
496
424
540
523
403
466
709
910
1094
1168
1151
732
567
504
280
115
63
273
412
549
614
445
321
615
713
618
507
620
611
171
441
425
169
-162
-163
-348
-587
-428
-199
-217
-481
-307
-129
-681
-959
-848
-375
-500
-714
-636
-377
-66
406
344
126
59
207
159
-477
-567
-384
-51
-71
-51
-512
-608
-444
70
479
895
973
695
580
645
-191
-1452
-918
-2
253
-327
-544
404
591
227
-839
-996
-919
-367
-62
105
92
173
354
397
194
-1
410
465
1524
1459
-150
-354
-60
-879
-1917
-2229
-448
1
-398
-1461
-1452
-1487
-2931
-3958
-4569
-3955
-4222
-4770
-4149
-3221
-3241
-4881
-5480
-1851
-495
-1277
-249
2474
3434
3031
9249
-16185
-4372
-1155
-4417
-6290
1407
8485
3959
-4080
-9191
-5828
-1821
-1970
-12004
-10967
-2952
13192
9575
887
-9432
-3015
7470
7394
3759
-4326
-5045
-3806
1490
2742
-211
-4253
2028
9803
-7487
7184
-3552
24474
-31403
26678
15093
4180
784
11213
22887
23212
11661
2159
6677
16414
22182
11458
2909
262
12620
17409
15547
2194
741
5227
15781
9657
-1387
2257
10981
15802
5880
-3458
6947
-2194
19350
3861
6304
3539
10437
19925
27422
22094
12531
-3389
2989
21249
19194
4790
2778
11372
13991
9126
6972
6738
8610
9621
8624
